Universal Reticle MRAD                                                                                                                                          
     (A1)  (A1)  (S1)  (S1)  (P1)  (L1) (M2) (M1) (M1) (M1) (L1)  (L1)  (M1) (L1) (L1)  (P1)  (L1)  (P1)  (P1)  (L1) (P1)  (C1)        (C2) (I2) (C1) (I1) (B1)  (B1)  (R2)
     .17   .17H  .17   .17H  .22   .22  .22  .24  6.5  .27  7mm   7mm   .30 .300 8x57  .35   9.3x  .44   .45   45-   .50   Ten         Cro  Cro  Ten  Ten  Sna   Pyth  Pyth
      HMR  MRHV   HMR  MRHV         3    3    3   x55   0    HP    HV   -06   WM         7     74R         4     70   G    Poi         Pis  Pis  Poi  Poi  ke    on    on
---+---------------------------------------------------------------------------------------------------------------------------   ---+-------------------------------------
150| 0.00  0.00 -0.05 -0.10  2.35  0.0  0.0  0.0  0.0  0.0  0.20 -0.05  0.?  0.0  0.10  0.50  0.40  0.70  0.45  0.3  0.?    6.6    10| 0.1  ?.? -0.3 -0.2 -1.00 -2.00 -2.00
175| 0.00  0.00  0.00  0.00  2.85  0.0  0.0  0.0  0.0  0.0  0.35  0.00  0.?  0.1  0.20  0.75  0.60  1.00  0.70  0.4  0.?    8.4    20| 0.4  ?.?  0.0  0.0  0.00 -1.20 -1.50
200| 0.00  0.00  0.15  0.00  3.70  0.0  0.0  0.0  0.1  0.1  0.40  0.10  0.1  0.2  0.40  0.95  0.80  1.20  0.97  0.6  0.4   10.7    30| 0.65 ?.?  0.4  0.3  0.45 -0.70 -0.90
225| 0.10  0.00  0.30  0.10  4.40  0.1  0.1  0.2  0.2  0.2  0.50  0.20  0.?  0.3  0.60  1.20  1.00  1.40  1.15  0.7  0.55  13.1    40| 1.0  ?.?  0.8  0.5  1.00  0.00  0.00
250| 0.27  0.10  0.40  0.18  5.10  0.2  0.2  0.2  0.3  0.3  0.60  0.35  0.?  0.4  0.80  1.35  1.20  1.70  1.40  0.9  0.8           50| 1.3  ?.?  1.35 0.95 1.30  0.60  0.70
275| 0.30  0.18  0.50  0.25  5.95  0.3  0.3  0.3  0.4  0.3  0.70  0.40  0.?  0.6  0.95  1.55  1.30  2.00  1.70  1.1  ?.?           60| 1.5  ?.?  0.65 ?.?  1.80  1.35  1.40
300| 0.40  0.20  0.80  0.45  6.65  0.4  0.35 0.3  0.5  0.4  0.90  0.50  0.?  0.7  1.10  1.75  1.40  2.30  1.95  1.3  ?.?           80| 2.1  ?.?  2.5  ?.?  3.00  2.35  3.00
325| 0.50  0.30  0.90  0.50  7.50  0.6  0.4  0.4  0.6  0.4  1.05  0.65  ?.?  1.8  1.20  2.05  1.65  2.60  2.30  1.4  ?.?          100| 2.8  ?.?  3.5  ?.?  3.80  3.40  4.40
